1,9
1,16
1,24
2,17
2,16
2,82
3,18
3,14
3,23
4,18
4,19
4,58
4,17
5,8
5,87
6,13
6,7
6,80
7,6
7,77
8,5
8,12
8,380
9,1
9,49
10,12
11,47
12,10
12,8
12,377
13,6
13,75
14,3
14,15
14,22
15,14
16,2
16,1
16,17
16,50
16,199
17,16
17,2
17,57
17,4
18,19
18,4
18,3
18,53
18,196
19,4
19,18
19,85
20,29
20,46
20,177
21,37
22,14
22,23
22,374
23,22
23,3
23,40
23,53
24,49
24,31
24,1
24,50
25,35
25,31
25,56
26,29
26,46
26,375
27,47
27,28
27,186
28,27
28,33
28,48
28,63
29,26
29,44
29,20
29,189
30,36
31,25
31,24
31,34
31,55
32,39
32,33
32,69
33,32
33,28
33,38
33,65
34,31
34,35
34,68
35,34
35,25
36,45
36,30
36,42
37,43
37,41
37,21
38,33
38,39
38,190
39,38
39,32
40,43
40,23
40,41
40,59
41,40
41,37
41,51
42,36
42,44
42,191
43,40
43,37
43,372
44,42
44,29
44,45
44,152
45,44
45,36
45,370
46,26
46,20
47,11
47,27
47,48
48,47
48,28
48,72
49,24
49,9
49,71
50,16
50,61
50,24
50,74
50,211
51,60
51,41
51,404
52,59
52,53
52,58
52,163
52,244
52,250
53,52
53,23
53,18
53,216
53,256
54,55
54,56
54,165
54,412
55,61
55,31
55,54
55,68
55,139
56,54
56,25
56,395
57,61
57,17
57,86
57,58
58,52
58,4
58,89
58,57
59,60
59,40
59,52
59,133
59,372
60,51
60,59
60,164
60,423
61,50
61,55
61,57
61,64
61,159
61,240
62,67
62,69
62,70
62,411
63,73
63,28
63,66
63,186
63,218
64,61
64,70
64,67
64,262
65,69
65,66
65,33
65,137
65,155
66,63
66,65
66,67
66,149
66,157
66,261
67,66
67,62
67,64
67,259
68,55
68,70
68,34
68,134
68,410
69,32
69,62
69,65
69,138
69,411
70,64
70,68
70,62
70,410
71,74
71,49
72,48
72,73
73,72
73,63
73,260
74,50
74,71
74,263
75,13
75,78
75,80
76,81
76,275
77,7
77,79
77,84
78,79
78,75
78,81
78,175
78,544
79,77
79,80
79,78
79,174
79,546
80,75
80,79
80,6
80,414
81,76
81,78
81,544
82,2
82,83
83,86
83,82
83,120
84,77
84,118
85,88
85,19
86,83
86,57
86,120
86,89
87,90
87,5
87,378
88,89
88,85
88,121
89,88
89,58
89,121
89,86
90,87
90,119
91,101
91,102
91,170
92,108
92,107
92,149
92,110
93,101
94,100
94,108
94,128
95,96
95,106
95,125
96,110
96,95
96,109
96,153
96,280
97,106
97,111
99,100
99,116
100,99
100,94
100,129
101,93
101,91
101,166
102,91
102,172
103,104
103,194
104,103
104,105
104,389
105,104
105,387
106,95
106,97
106,147
107,92
107,108
107,169
108,94
108,92
108,107
108,157
108,284
109,110
109,96
109,195
110,96
110,109
110,151
110,92
111,97
111,114
111,130
112,119
112,117
112,383
113,120
113,116
113,126
114,111
114,121
114,124
115,118
115,175
116,113
116,99
116,122
117,112
118,84
118,115
118,174
119,112
119,90
119,384
120,86
120,113
120,83
120,159
120,293
121,88
121,114
121,89
121,163
121,295
122,116
122,126
122,129
122,161
123,143
124,130
124,133
124,114
124,163
125,95
125,141
125,147
125,153
126,113
126,139
126,122
126,159
127,141
127,145
127,154
128,129
128,137
128,94
128,157
129,122
129,128
129,100
129,160
130,147
130,124
130,111
130,381
131,138
131,132
132,131
132,137
132,156
133,144
133,124
133,136
133,59
134,135
134,139
134,68
135,140
135,134
136,133
136,143
136,372
137,132
137,128
137,138
137,65
138,137
138,131
138,69
139,134
139,126
139,140
139,55
140,139
140,135
140,165
141,146
141,125
141,127
141,152
142,145
143,136
143,123
143,144
144,143
144,133
144,164
145,127
145,142
145,146
146,145
146,141
146,370
147,106
147,125
147,130
147,382
148,151
148,152
148,153
148,189
148,247
148,252
149,66
149,92
149,185
149,151
150,154
150,152
150,191
150,475
151,110
151,148
151,187
151,149
152,150
152,141
152,148
152,44
152,370
153,96
153,148
153,125
153,307
153,332
154,127
154,150
154,442
155,65
155,156
155,190
155,454
156,155
156,132
156,431
157,66
157,108
157,128
157,158
157,304
158,162
158,157
158,160
158,338
159,162
159,126
159,61
159,120
159,303
160,158
160,129
160,161
161,160
161,122
161,162
162,161
162,159
162,158
162,339
163,124
163,52
163,121
163,333
163,305
164,60
164,144
164,422
165,140
165,54
165,418
166,101
166,168
166,170
167,168
167,173
167,545
168,166
168,167
168,171
168,192
168,545
169,107
169,176
170,91
170,166
170,171
170,456
171,172
171,170
171,168
171,193
171,549
172,102
172,171
172,179
173,167
173,356
174,79
174,175
174,118
174,458
175,174
175,78
175,115
176,185
176,186
176,169
177,20
177,187
177,188
177,189
177,212
178,184
178,194
179,183
179,172
180,181
181,183
181,180
181,192
182,184
182,390
183,179
183,181
183,193
184,182
184,178
184,391
185,186
185,176
185,149
185,187
186,185
186,27
186,176
186,63
186,214
187,177
187,188
187,151
187,185
188,187
188,177
188,195
189,177
189,29
189,148
189,255
189,217
190,38
190,155
190,467
191,42
191,150
191,464
192,193
192,168
192,181
193,171
193,192
193,183
193,472
194,178
194,103
194,388
195,109
195,188
196,204
196,18
196,216
197,203
197,205
197,267
198,204
199,16
199,206
199,211
200,205
200,201
200,264
201,200
201,208
201,274
203,209
203,197
204,198
204,196
204,238
205,197
205,200
205,208
205,265
206,199
206,239
207,215
208,205
208,201
208,209
208,273
209,208
209,203
209,272
210,235
210,231
211,199
211,226
211,239
211,50
212,219
212,217
212,177
213,226
213,222
213,229
213,241
214,218
214,215
214,186
215,220
215,214
215,207
216,238
216,227
216,196
216,53
217,212
217,233
217,237
217,189
218,220
218,223
218,214
218,63
219,212
219,237
220,218
220,215
220,260
221,228
221,224
221,222
222,221
222,213
222,227
222,245
223,236
223,218
223,232
223,261
224,229
224,221
225,231
225,233
225,251
226,230
226,211
226,213
226,240
227,222
227,216
227,228
227,244
228,227
228,221
228,249
229,213
229,224
229,230
230,229
230,226
230,257
231,234
231,210
231,225
232,223
232,235
232,258
233,225
233,217
233,234
233,247
234,233
234,236
234,231
234,365
235,232
235,210
235,236
236,235
236,234
236,223
236,364
237,219
237,217
237,254
238,216
238,204
238,253
239,206
239,211
239,263
240,242
240,226
240,61
240,257
240,315
241,245
241,213
241,242
241,395
242,243
242,241
242,240
242,336
242,412
243,244
243,245
243,242
243,337
243,423
244,52
244,227
244,243
244,249
244,319
245,243
245,222
245,241
245,404
246,251
246,252
246,248
246,489
247,148
247,233
247,251
247,317
247,330
248,249
248,250
248,246
248,488
249,248
249,228
249,244
249,312
249,488
250,248
250,52
250,252
250,373
251,247
251,225
251,246
251,318
251,489
252,246
252,148
252,250
252,371
253,256
253,238
254,237
254,255
255,254
255,189
255,375
256,53
256,253
256,374
257,240
257,230
257,262
257,314
257,426
258,259
258,232
258,261
258,324
258,428
259,258
259,67
259,262
259,428
260,73
260,220
261,258
261,223
261,66
261,329
261,316
262,257
262,64
262,259
262,426
263,239
263,74
264,266
264,200
264,274
264,277
265,266
265,205
265,267
265,493
266,264
266,270
266,265
266,348
266,547
267,265
267,197
267,270
268,269
268,376
269,270
269,268
269,555
270,266
270,267
270,269
270,347
270,555
271,276
271,274
271,273
271,350
271,546
272,276
272,209
272,273
273,272
273,208
273,271
273,497
274,271
274,201
274,278
274,264
275,76
275,276
275,552
276,275
276,272
276,271
276,349
276,552
277,264
277,278
277,300
278,277
278,274
278,301
280,286
280,96
280,307
281,291
281,288
281,352
282,283
282,296
283,284
283,282
283,327
284,108
284,283
284,304
285,286
285,297
286,285
286,280
286,326
287,292
287,290
287,345
288,281
288,289
289,288
289,292
289,342
290,287
290,291
290,354
291,290
291,281
291,292
291,355
292,291
292,289
292,287
292,344
293,296
293,120
293,303
294,300
294,298
294,347
295,121
295,297
295,305
296,282
296,293
296,308
297,295
297,285
297,325
298,294
298,299
299,298
299,301
299,349
300,277
300,294
300,301
300,348
301,300
301,299
301,278
301,350
302,313
302,321
303,308
303,315
303,293
303,159
304,284
304,316
304,327
304,157
305,295
305,319
305,325
305,163
306,316
306,310
306,323
306,328
307,326
307,317
307,280
307,153
308,327
308,303
308,296
308,339
309,318
309,311
309,310
310,309
310,306
310,317
310,331
311,323
311,309
312,313
312,319
312,249
313,320
313,302
313,312
314,315
314,321
314,257
315,322
315,303
315,314
315,240
316,324
316,304
316,306
316,261
317,310
317,307
317,318
317,247
318,317
318,309
318,251
319,312
319,305
319,320
319,244
320,319
320,322
320,313
320,337
321,314
321,302
321,322
322,321
322,320
322,315
322,336
323,306
323,311
323,324
324,323
324,316
324,258
325,297
325,305
325,326
325,334
326,325
326,307
326,286
326,335
327,283
327,304
327,308
327,338
328,331
328,306
328,329
328,431
329,328
329,261
329,330
329,364
329,454
330,329
330,247
330,331
330,365
330,475
331,330
331,310
331,328
331,442
332,333
332,153
332,335
332,382
333,334
333,163
333,332
333,381
334,335
334,325
334,333
335,332
335,326
335,334
336,242
336,322
336,337
336,418
337,336
337,320
337,243
337,422
338,339
338,327
338,158
339,162
339,308
339,338
340,341
340,342
340,346
340,367
340,554
341,345
341,344
341,340
341,366
341,553
342,344
342,289
342,340
343,346
343,386
344,341
344,292
344,342
344,517
345,287
345,341
345,361
345,354
346,343
346,340
346,554
347,270
347,294
347,348
348,266
348,347
348,300
348,520
349,350
349,299
349,276
350,271
350,301
350,349
350,522
351,353
351,355
351,354
351,369
351,549
352,353
352,281
352,355
353,356
353,352
353,351
353,368
353,551
354,351
354,290
354,358
354,345
355,352
355,291
355,351
355,523
356,173
356,353
356,551
357,362
357,359
357,367
358,363
358,361
358,354
359,357
359,360
360,359
360,363
360,368
361,358
361,362
361,345
362,361
362,357
362,363
362,366
363,362
363,360
363,358
363,369
364,329
364,236
364,365
364,467
365,364
365,234
365,330
365,464
366,341
366,367
366,362
366,528
367,340
367,357
367,366
368,369
368,360
368,353
369,363
369,368
369,351
369,529
370,371
370,45
370,152
370,146
370,530
371,252
371,370
371,373
371,530
372,59
372,43
372,373
372,136
372,535
373,250
373,372
373,371
373,535
374,22
374,256
375,255
375,26
376,379
376,268
376,558
377,380
377,379
377,12
378,380
378,87
378,379
378,384
378,547
379,376
379,377
379,378
379,383
379,558
380,8
380,378
380,377
380,536
381,333
381,130
381,382
382,381
382,147
382,332
383,112
383,379
383,384
384,119
384,383
384,378
384,541
385,388
385,386
385,387
385,390
385,559
386,343
386,385
386,559
387,389
387,385
387,105
388,194
388,385
388,389
388,391
388,553
389,388
389,387
389,104
389,542
390,182
390,385
390,391
391,184
391,390
391,388
391,543
392,400
393,404
393,403
393,421
393,402
394,400
394,403
394,536
395,402
395,56
395,401
395,412
395,241
396,401
396,397
396,414
397,396
397,398
397,409
398,397
400,394
400,392
400,531
401,402
401,395
401,396
401,413
401,478
402,395
402,401
402,417
402,393
403,393
403,394
403,404
403,479
403,495
404,393
404,403
404,51
404,423
404,245
405,408
405,466
406,411
406,408
406,429
407,409
407,410
407,415
408,406
408,405
408,472
409,397
409,407
409,414
410,70
410,407
410,68
410,416
410,446
411,69
411,406
411,62
411,427
411,445
412,395
412,54
412,416
412,418
412,242
413,415
413,414
413,401
413,497
413,546
414,409
414,396
414,413
414,80
415,407
415,413
415,416
415,424
416,412
416,410
416,415
416,426
416,457
417,420
417,402
417,421
417,546
418,412
418,420
418,165
418,449
418,336
419,422
419,421
419,452
419,420
420,418
420,417
420,449
420,419
421,419
421,393
421,417
421,547
422,164
422,419
422,423
422,452
422,337
423,422
423,404
423,60
423,243
423,496
424,415
424,426
424,491
425,428
425,429
425,492
426,262
426,424
426,416
426,461
426,257
427,411
427,429
427,428
427,453
427,454
428,427
428,425
428,259
428,460
428,258
429,406
429,425
429,427
429,471
431,440
431,156
431,439
431,454
431,328
432,442
432,441
432,474
432,440
433,435
433,441
433,542
434,439
434,436
434,456
435,437
435,433
435,539
436,434
436,438
436,443
437,435
437,451
438,436
438,444
439,440
439,431
439,434
439,455
439,504
440,431
440,439
440,473
440,432
441,432
441,433
441,442
441,500
441,518
442,154
442,432
442,441
442,475
442,331
443,447
443,436
443,445
443,456
444,447
444,438
444,450
445,443
445,411
445,446
445,453
446,445
446,410
446,447
446,457
447,446
447,444
447,443
447,458
448,452
448,451
448,541
449,420
449,450
449,418
449,459
449,512
450,444
450,449
450,458
451,448
451,437
451,540
452,419
452,422
452,448
452,511
452,521
453,455
453,427
453,445
453,457
453,460
454,431
454,155
454,427
454,467
454,329
455,439
455,453
455,456
455,523
455,549
456,443
456,434
456,455
456,170
457,459
457,446
457,416
457,461
457,453
458,450
458,447
458,459
458,174
459,457
459,449
459,458
459,522
459,546
460,453
460,428
460,461
460,513
461,460
461,426
461,457
461,514
462,465
462,534
463,468
463,466
463,467
463,471
463,524
464,470
464,191
464,469
464,475
464,365
465,469
465,462
465,543
466,405
466,463
466,472
467,468
467,463
467,190
467,454
467,364
468,467
468,463
468,473
468,470
469,470
469,464
469,465
469,525
469,526
470,464
470,469
470,474
470,468
471,472
471,429
471,463
471,529
471,549
472,471
472,466
472,408
472,193
473,440
473,468
473,474
473,549
474,432
474,470
474,473
474,553
475,442
475,150
475,464
475,330
475,516
476,480
477,479
477,481
477,487
478,480
478,401
478,497
479,403
479,477
479,493
480,476
480,478
480,491
481,477
483,487
483,488
483,494
484,489
484,485
484,527
485,484
485,486
485,528
486,485
486,525
487,477
487,483
487,493
488,248
488,483
488,249
488,496
488,508
489,246
489,251
489,484
489,507
489,516
490,492
490,524
491,424
491,480
491,497
492,490
492,425
492,529
493,487
493,479
493,495
493,265
494,495
494,496
494,483
494,533
495,403
495,494
495,493
495,536
495,547
496,494
496,423
496,488
496,519
496,535
497,413
497,478
497,491
497,273
498,501
498,510
499,503
499,506
500,441
500,503
500,517
501,498
501,504
501,513
503,500
503,499
503,505
504,501
504,439
504,523
505,509
505,503
505,507
505,517
506,509
506,499
506,511
507,505
507,489
507,508
507,515
508,507
508,488
508,509
508,519
509,508
509,506
509,505
509,520
510,512
510,498
510,514
511,506
511,452
511,520
512,449
512,510
512,522
513,460
513,501
513,514
513,523
514,513
514,510
514,461
514,522
515,516
515,507
515,518
515,538
515,519
516,489
516,515
516,475
516,527
516,530
517,505
517,500
517,518
517,344
518,515
518,517
518,441
518,542
518,553
519,521
519,508
519,496
519,537
519,515
520,511
520,509
520,521
520,348
521,452
521,520
521,519
521,541
521,547
522,514
522,512
522,459
522,350
523,455
523,504
523,513
523,355
524,463
524,490
524,529
525,486
525,469
525,528
526,528
526,527
526,469
526,543
526,553
527,484
527,516
527,526
527,532
528,526
528,525
528,485
528,366
529,492
529,524
529,471
529,369
530,371
530,532
530,370
530,516
530,538
531,533
531,400
531,536
532,534
532,530
532,527
533,535
533,531
533,494
534,462
534,532
534,543
535,373
535,372
535,533
535,496
535,537
536,394
536,531
536,495
536,380
537,540
537,535
537,538
537,519
538,537
538,530
538,539
538,515
539,540
539,538
539,435
539,542
540,451
540,537
540,539
540,541
541,521
541,540
541,448
541,384
542,433
542,539
542,518
542,389
543,465
543,526
543,534
543,391
544,81
544,78
544,548
544,545
545,168
545,167
545,550
545,544
546,413
546,79
546,417
546,548
546,459
546,271
547,378
547,495
547,421
547,521
547,266
547,557
548,544
548,546
548,552
548,550
549,550
549,471
549,171
549,455
549,473
549,351
550,545
550,549
550,551
550,548
551,550
551,356
551,552
551,353
552,275
552,548
552,551
552,276
553,388
553,518
553,474
553,526
553,341
553,556
554,346
554,340
554,556
554,555
555,269
555,270
555,557
555,554
556,554
556,553
556,557
556,559
557,555
557,547
557,556
557,558
558,379
558,376
558,557
558,559
559,386
559,385
559,556
559,558
